1.491364227000000042e+00
1.790903563999999948e+00
1.047696479000000069e+00
5.506792289999999923e-01
3.747629370000000182e-01
9.173209650000000437e-01
9.589132849999999486e-01
6.135329940000000537e-01
4.279786859999999971e-01
6.075208420000000054e-01
8.192788979999999777e-01
6.316067010000000481e-01
1.172203416000000109e+00
1.052356341000000084e+00
6.683944099999999944e-01
4.775614799999999827e-01
7.103000609999999826e-01
4.264558350000000053e-01
1.867308169999999934e-01
4.755965010000000048e-01
5.736079069999999724e-01
6.809946730000000503e-01
7.961802690000000515e-01
1.287829238000000043e+00
1.737100440000000079e-01
3.546987240000000208e-01
4.753944800000000082e-01
4.167708860000000071e-01
7.281303500000000373e-01
6.591586240000000263e-01
5.650135189999999641e-01
4.982845570000000168e-01
5.546774589999999838e-01
3.256728560000000106e-01
6.026182030000000189e-01
6.961607279999999509e-01
7.376689530000000161e-01
5.932753589999999466e-01
6.284153679999999742e-01
9.296230720000000503e-01
5.557640929999999591e-01
3.238614839999999773e-01
1.019310920999999981e+00
9.054004839999999499e-01
5.164237329999999959e-01
6.031950729999999705e-01
1.184897784999999981e+00
7.516464769999999795e-01
7.470986939999999521e-01
6.960368120000000047e-01
3.862432809999999939e-01
3.517831399999999942e-01
1.985536649999999903e-01
5.937335169999999884e-01
7.399172379999999771e-01
6.594219770000000480e-01
5.607876480000000274e-01
3.392204389999999847e-01
6.132655409999999696e-01
3.164471930000000155e-01
4.372779190000000149e-01
5.770170580000000271e-01
2.475977980000000078e-01
6.906044260000000490e-01
6.664975260000000068e-01
3.766331620000000213e-01
3.799391810000000147e-01
9.682254120000000075e-01
2.070042139999999919e-01
5.326069519999999669e-01
3.744031259999999750e-01
3.418583760000000193e-01
1.046548979999999962e-01
6.394688870000000414e-01
1.169709345000000011e+00
4.359372559999999952e-01
4.495895010000000025e-01
3.786903870000000172e-01
3.096180539999999759e-01
2.320966489999999882e-01
2.846314699999999975e-01
4.434781400000000207e-01
4.848305960000000026e-01
3.325978319999999822e-01
3.466256710000000241e-01
3.024151809999999774e-01
2.582616440000000124e-01
3.446596490000000124e-01
3.035854579999999747e-01
6.796540549999999792e-01
2.411261779999999966e-01
2.334624949999999921e-01
5.278818840000000234e-01
4.646661759999999863e-01
2.349340849999999870e-01
6.114945130000000173e-01
3.384917009999999782e-01
3.045083190000000273e-01
8.421296980000000376e-01
4.869060390000000127e-01
3.504743929999999952e-01
6.824650939999999943e-01
1.683582279999999987e-01
1.389689990000000097e-01
2.609118570000000248e-01
2.241143339999999984e-01
4.298903029999999736e-01
